112671728
148512636
33971391
58265969
114950831
22055669
112886594
44947709
104983069
110474371
13963801
148643574
111639637
74872547
74071663
104681308
144238197
42699097
79519879
44989170
97624009
69469302
143728768
62652972
29484999
62684723
136882087
136466829
35589387
89597181
99169576
83608391
133166010
137934790
47214503
51848232
40163964
89947733
128707797
101117094
105029776
63997845
72421802
99884883
110333317
132599100
31964189
110957300
30530496
14334159
123068241
30035194
96774952
16339838
38824382
79215690
83011394
37516079
99428397
71794073
136881004
139919440
79462418
136860717
81328001
104127848
12107258
39625438
135893707
83177053
2526021
26330684
134874431
48889525
113534305
123642490
65295229
140474663
57794535
140939986
94654890
109722424
53311529
134493620
116385719
144904834
119640349
126332277
146221291
119794844
17961272
60706587
93842676
47664255
60871633
55011233
73398845
73880026
124460646
142365313
42988881
120944209
148326247
44089014
62616827
46305359
20660838
15502900
100624836
145719993
31298506
29812579
61736082
139447820
72686732
114357282
51777755
30566187
133456551
132326788
84851045
135933933
33868911
113613355
132782430
142620342
133470110
137950058
27417063
57873437
148456802
146121232
122268683
37049312
11396959
148384692
96070294
123435925
31396606
69897032
51987921
19457715
25079217
85595514
135618895
31903761
134364177
53760304
148107664
60165576
71303939
61718754
140913741
29701002
50872122
49578
58670918
24034822
137658543
52037786
119673320
58807544
144635618
146112335
33504721
92293437
64555773
139613408
28934212
72844519
45404233
46537134
54542689
31482906
37421127
20692169
107201574
41856248
140304149
142342235
29112220
141779181
47816411
25854286
95056261
130187503
124352966
137067261
82296287
120292487
130696253
41328143
139326609
28229092
34030484
112718546
36036250
115226358
112326032
101797278
46121134
20037199
39804703
82352675
116818374
78362224
37516044
148350173
30130122
44652748
74261007
77998461
77255278
82182800
107288979
87896655
148128937
54293060
5693770
141898774
50013822
34629110
142629330
98544168
143495659
145202786
147629818
126142363
118898488
122802998
123896251
37401324
95469083
30989339
117845403
47764801
80034159
92899687
42627867
26254809
34494006
50194701
90549064
125464614
90073757
146114325
10130627
141566468
60196175
140939407
141516090
119411349
25599855
140660826
144355288
51866210
133874804
44255263
144300845
143405980
111831082
66171391
112478769
44628036
110042354
86623024
133993334
26952172
63800592
145627385
95781774
80969681
35605875
12870278
30082088
96254904
97196914
83640993
77674731
146375774
134966831
33583051
63432147
129942563
121818509
55730673
133805841
30421597
35071265
144353511
28052115
47028655
133082088
27898156
132730338
139710605
24281669
32762874
79058948
144009738
144922097
126497410
43531290
69666389
79462634
99671662
34297691
41828251
111706424
107223951
44786241
119320729
45657772
91148083
139785126
31479842
74257692
127559651
82999112
4580449
120393253
91758976
56158803
117328212
134585766
20768975
33202295
72634076
76422719
34544862
148045968
128260245
45641117
57154558
63353071
28693970
37502321
95042069
29203996
17267594
41213312
25652064
64271641
1166801
147982752
19058027
78850701
80904714
30201915
75281695
141338189
94010666
7658869
144329322
26657016
148402492
148615011
134710867
143266252
59599930
36871428
25426513
112738437
63556568
39373315
42031245
4590235
44342625
148206946
148479944
30126033
131585182
78280661
131826780
49927393
96243795
37324687
43050618
70473176
144461210
30011941
72691246
94714408
115809499
21458365
31994938
139700873
42879180
64411433
120754276
105809439
14916551
43418497
30668097
133043688
144906056
52671272
38174481
138652882
91717311
137370658
113178439
115588255
139574090
28633833
77191061
130142524
138278951
125668135
146009989
110704508
143181893
30544506
67040641
26117760
32188207
32284387
115289888
64659756
136866992
35297380
133455160
140752422
135374429
74071610
125810838
73073301
5054622
147976402
103015754
128204616
126024733
31017418
119022059
75240140
134843004
34688962
110702761
135369917
137420407
53160085
93208471
115529847
44495126
100035644
119932837
34005539
140500981
80691919
34386040
43933451
92739314
22293542
33592980
29517282
96479458
132496548
37089210
138179122
66849662
35783279
25605080
113619719
146209516
28887188
120013038
138023714
53597273
37018708
92423742
142271321
76395074
126427700
131890344
99597648
16046763
75238224
142869601
111237688
117868353
114109940
59422957
146303301
122707757
24006138
131249246
35386715
128059348
41318424
98092312
117962646
65968338
31407498
53647450
116180468
72588138
96556437
127096865
103317690
125722038
135110243
137353455
126194837
42776121
29304755
111287227
36792835
59375964
131202254
100
89922601
120859469
23401732
55700859
58592545
113232961
42589942
49938844
55959588
113109921
58176433
62993715
90531670
25820180
49814657
131254464
54569727
143203775
117450491
34925799
37348549
143421068
78026635
78333606
85562634
134799536
147346395
114704774
148266506
114133902
48507930
135374187
26006242
50511443
73130625
91938630
2151664
134098257
29939049
74323264
69169607
99455238
32312239
36385711
46495765
138267319
143249608
42981179
26734038
144844181
19754049
991007
145377830
131651726
68813810
6197738
78162497
88716665
71862707
92441594
67161183
147669450
98947151
127387399
133437092
109525302
132670220
127320147
143224227
125441066
148320859
41147834
146996982
143953947
147761075
44537586
94798491
116153115
31242908
72256993
120858270
101304319
69958483
98125094
39054047
1432399
80081257
36417607
105775979
73111242
31050075
88537090
99
132316313
123543776
44293679
124218996
24803780
32143798
143273022
46177663
38716603
60666920
83246952
116755852
144498333
113708038
28733502
4305815
140075823
148131273
142359253
61082803
45007445
41229876
72660298
57106532
70354408
145873496
13074872
55932618
95750989
140378559
56032030
43143379
52891393
124362764
113957297
92970644
77085094
115666568
76377559
63106074
30521146
50546815
73113285
92914670
78369049
148182602
110947791
36227265
145542170
61635121
131562752
43477153
62146374
48084711
144520888
39306507
21926058
41138885
97974750
43824720
37486623
34759470
28390087
50883508
30165483
123810665
34750740
52987876
54316039
104720647
142659134
95670413
27197602
43973363
62396566
142466826
43362381
119289947
125857372
144006962
32231105
25595990
135443211
61556896
143145108
131466685
83010385
12549964
