139894207
44955891
74929911
31172940
51104080
118018300
39894818
43808734
96661531
137764231
122653199
106553629
18441513
34201478
34283432
41803587
72049555
133152943
125463505
54848876
57741901
40883440
41463097
141645698
116407380
43063465
55956138
124325396
4275908
34996010
58648646
53017776
131648001
36143292
64109413
89385800
148010636
126120744
102735911
133155826
60122225
72160495
116816495
74369378
49351791
84458155
90557954
78363152
125065172
114785149
148586556
119918125
91171426
111999080
117448093
89981856
90088879
145329205
71551208
114782141
135107359
30917675
119401553
5524838
145760876
148594919
116185160
120319000
110958059
144671938
58264644
146475378
78721831
41953741
110946773
28299753
61246883
15018269
50495900
68937026
120454541
122438721
88817949
25303823
83224154
87809508
17570231
76494208
35886835
120875455
18307045
39202819
118875978
10614607
92817424
74453887
40926544
29656559
98864241
143203533
135777381
144989614
148119740
111870058
52992792
126541721
96444168
26824737
31628815
89892715
44352211
22010496