100
100035644
100624836
101117094
101304319
10130627
101797278
102735911
103015754
103317690
104127848
104681308
104720647
104983069
105029776
105775979
105809439
10614607
106553629
107201574
107223951
107288979
109525302
109722424
110042354
110333317
110474371
110702761
110704508
110946773
110947791
110957300
110958059
111237688
111287227
111639637
111706424
111831082
111870058
111999080
112326032
112478769
112671728
112718546
112738437
112886594
113109921
113178439
113232961
113534305
113613355
113619719
113708038
113957297
11396959
114109940
114133902
114357282
114704774
114782141
114785149
114950831
115226358
115289888
115529847
115588255
115666568
115809499
116153115
116180468
116185160
116385719
116407380
1166801
116755852
116816495
116818374
117328212
117448093
117450491
117845403
117868353
117962646
118018300
118875978
118898488
119022059
119289947
119320729
119401553
119411349
119640349
119673320
119794844
119918125
119932837
120013038
120292487
120319000
120393253
120454541
120754276
120858270
120859469
120875455
120944209
12107258
121818509
122268683
122438721
122653199
122707757
122802998
123068241
123435925
123543776
123642490
123810665
123896251
124218996
124325396
124352966
124362764
124460646
125065172
125441066
125463505
125464614
12549964
125668135
125722038
125810838
125857372
126024733
126120744
126142363
126194837
126332277
126427700
126497410
126541721
127096865
127320147
127387399
127559651
128059348
128204616
128260245
12870278
128707797
129942563
130142524
130187503
130696253
13074872
131202254
131249246
131254464
131466685
131562752
131585182
131648001
131651726
131826780
131890344
132316313
132326788
132496548
132599100
132670220
132730338
132782430
133043688
133082088
133152943
133155826
133166010
133437092
133455160
133456551
133470110
133805841
133874804
133993334
134098257
134364177
134493620
134585766
134710867
134799536
134843004
134874431
134966831
135107359
135110243
135369917
135374187
135374429
135443211
135618895
135777381
135893707
135933933
136466829
136860717
136866992
136881004
136882087
137067261
137353455
137370658
137420407
137658543
137764231
137934790
137950058
138023714
138179122
138267319
138278951
138652882
139326609
139447820
139574090
139613408
13963801
139700873
139710605
139785126
139894207
139919440
140075823
140304149
140378559
140474663
140500981
140660826
140752422
140913741
140939407
140939986
141338189
141516090
141566468
141645698
141779181
141898774
142271321
142342235
142359253
142365313
142466826
142620342
142629330
142659134
142869601
143145108
143181893
143203533
143203775
143224227
1432399
143249608
143266252
143273022
14334159
143405980
143421068
143495659
143728768
143953947
144006962
144009738
144238197
144300845
144329322
144353511
144355288
144461210
144498333
144520888
144635618
144671938
144844181
144904834
144906056
144922097
144989614
145202786
145329205
145377830
145542170
145627385
145719993
145760876
145873496
146009989
146112335
146114325
146121232
146209516
146221291
146303301
146375774
146475378
146996982
147346395
147629818
147669450
147761075
147976402
147982752
148010636
148045968
148107664
148119740
148128937
148131273
148182602
148206946
148266506
148320859
148326247
148350173
148384692
148402492
148456802
148479944
148512636
148586556
148594919
148615011
148643574
14916551
15018269
15502900
16046763
16339838
17267594
17570231
17961272
18307045
18441513
19058027
19457715
19754049
20037199
20660838
20692169
20768975
21458365
2151664
21926058
22010496
22055669
22293542
23401732
24006138
24034822
24281669
24803780
25079217
2526021
25303823
25426513
25595990
25599855
25605080
25652064
25820180
25854286
26006242
26117760
26254809
26330684
26657016
26734038
26824737
26952172
27197602
27417063
27898156
28052115
28229092
28299753
28390087
28633833
28693970
28733502
28887188
28934212
29112220
29203996
29304755
29484999
29517282
29656559
29701002
29812579
29939049
30011941
30035194
30082088
30126033
30130122
30165483
30201915
30421597
30521146
30530496
30544506
30566187
30668097
30917675
30989339
31017418
31050075
31172940
31242908
31298506
31396606
31407498
31479842
31482906
31628815
31903761
31964189
31994938
32143798
32188207
32231105
32284387
32312239
32762874
33202295
33504721
33583051
33592980
33868911
33971391
34005539
34030484
34201478
34283432
34297691
34386040
34494006
34544862
34629110
34688962
34750740
34759470
34925799
34996010
35071265
35297380
35386715
35589387
35605875
35783279
35886835
36036250
36143292
36227265
36385711
36417607
36792835
36871428
37018708
37049312
37089210
37324687
37348549
37401324
37421127
37486623
37502321
37516044
37516079
38174481
38716603
38824382
39054047
39202819
39306507
39373315
39625438
39804703
39894818
40163964
40883440
40926544
41138885
41147834
41213312
41229876
41318424
41328143
41463097
41803587
41828251
41856248
41953741
42031245
42589942
42627867
42699097
4275908
42776121
42879180
42981179
42988881
43050618
4305815
43063465
43143379
43362381
43418497
43477153
43531290
43808734
43824720
43933451
43973363
44089014
44255263
44293679
44342625
44352211
44495126
44537586
44628036
44652748
44786241
44947709
44955891
44989170
45007445
45404233
45641117
45657772
4580449
4590235
46121134
46177663
46305359
46495765
46537134
47028655
47214503
47664255
47764801
47816411
48084711
48507930
48889525
49351791
49578
49814657
49927393
49938844
50013822
50194701
50495900
50511443
5054622
50546815
50872122
50883508
51104080
51777755
51848232
51866210
51987921
52037786
52671272
52891393
52987876
52992792
53017776
53160085
53311529
53597273
53647450
53760304
54293060
54316039
54542689
54569727
54848876
55011233
5524838
55700859
55730673
55932618
55956138
55959588
56032030
56158803
5693770
57106532
57154558
57741901
57794535
57873437
58176433
58264644
58265969
58592545
58648646
58670918
58807544
59375964
59422957
59599930
60122225
60165576
60196175
60666920
60706587
60871633
61082803
61246883
61556896
61635121
61718754
61736082
6197738
62146374
62396566
62616827
62652972
62684723
62993715
63106074
63353071
63432147
63556568
63800592
63997845
64109413
64271641
64411433
64555773
64659756
65295229
65968338
66171391
66849662
67040641
67161183
68813810
68937026
69169607
69469302
69666389
69897032
69958483
70354408
70473176
71303939
71551208
71794073
71862707
72049555
72160495
72256993
72421802
72588138
72634076
72660298
72686732
72691246
72844519
73073301
73111242
73113285
73130625
73398845
73880026
74071610
74071663
74257692
74261007
74323264
74369378
74453887
74872547
74929911
75238224
75240140
75281695
76377559
76395074
76422719
76494208
7658869
77085094
77191061
77255278
77674731
77998461
78026635
78162497
78280661
78333606
78362224
78363152
78369049
78721831
78850701
79058948
79215690
79462418
79462634
79519879
80034159
80081257
80691919
80904714
80969681
81328001
82182800
82296287
82352675
82999112
83010385
83011394
83177053
83224154
83246952
83608391
83640993
84458155
84851045
85562634
85595514
86623024
87809508
87896655
88537090
88716665
88817949
89385800
89597181
89892715
89922601
89947733
89981856
90073757
90088879
90531670
90549064
90557954
91148083
91171426
91717311
91758976
91938630
92293437
92423742
92441594
92739314
92817424
92899687
92914670
92970644
93208471
93842676
94010666
94654890
94714408
94798491
95042069
95056261
95469083
95670413
95750989
95781774
96070294
96243795
96254904
96444168
96479458
96556437
96661531
96774952
97196914
97624009
97974750
98092312
98125094
98544168
98864241
98947151
99
991007
99169576
99428397
99455238
99597648
99671662
99884883